NODE: 89 	 0.101408 	 148 	 148 	 1 	 4 	 6.1014 	 1 
NODE: 205 	 0.101408 	 148 	 148 	 1 	 4 	 6.1014 	 1 
NODE: 208 	 0.101408 	 148 	 148 	 1 	 4 	 6.1014 	 1 
NODE: 189 	 0.101408 	 148 	 148 	 1 	 4 	 6.1014 	 1 
NODE: 31 	 0.101408 	 148 	 148 	 1 	 4 	 6.1014 	 1 
NODE: 274 	 0.101408 	 148 	 148 	 1 	 4 	 6.1014 	 1 
NODE: 70 	 0.101408 	 148 	 148 	 1 	 4 	 6.1014 	 1 
NODE: 299 	 0.101408 	 148 	 148 	 1 	 4 	 6.1014 	 1 
NODE: 120 	 0.101408 	 148 	 148 	 1 	 4 	 6.1014 	 1 
NODE: 192 	 0.101408 	 148 	 148 	 1 	 4 	 6.1014 	 1 
NODE: 22 	 0.101408 	 148 	 148 	 1 	 4 	 6.1014 	 1 
NODE: 46 	 0.101408 	 148 	 148 	 1 	 4 	 6.1014 	 1 
NODE: 86 	 0.101408 	 148 	 148 	 1 	 4 	 6.1014 	 1 
NODE: 100 	 0.101409 	 148 	 148 	 1 	 4 	 6.1014 	 1 
NODE: 0 	 0.101409 	 148 	 148 	 1 	 4 	 6.1014 	 1 
NODE: 124 	 0.101409 	 148 	 148 	 1 	 4 	 6.1014 	 1 
NODE: 282 	 0.101409 	 148 	 148 	 1 	 4 	 6.1014 	 1 
NODE: 15 	 0.101409 	 148 	 148 	 1 	 4 	 6.1014 	 1 
NODE: 194 	 0.101409 	 148 	 148 	 1 	 4 	 6.1014 	 1 
NODE: 135 	 0.101409 	 148 	 148 	 1 	 4 	 6.1014 	 1 
NODE: 133 	 0.101409 	 148 	 148 	 1 	 4 	 6.1014 	 1 
NODE: 200 	 0.101409 	 148 	 148 	 1 	 4 	 6.1014 	 1 
NODE: 77 	 0.101409 	 148 	 148 	 1 	 4 	 6.1014 	 1 
NODE: 74 	 0.101409 	 148 	 148 	 1 	 4 	 6.1014 	 1 
NODE: 245 	 0.101409 	 148 	 148 	 1 	 4 	 6.1014 	 1 
NODE: 45 	 0.101409 	 148 	 148 	 1 	 4 	 6.1014 	 1 
NODE: 108 	 0.101409 	 148 	 148 	 1 	 4 	 6.1014 	 1 
NODE: 175 	 0.101409 	 148 	 148 	 1 	 4 	 6.1014 	 1 
NODE: 4 	 0.101409 	 148 	 148 	 1 	 4 	 6.1014 	 1 
NODE: 6 	 0.101409 	 148 	 148 	 1 	 4 	 6.1014 	 1 
NODE: 102 	 0.101409 	 148 	 148 	 1 	 4 	 6.1014 	 1 
NODE: 247 	 0.101409 	 148 	 148 	 1 	 4 	 6.1014 	 1 
NODE: 23 	 0.101409 	 148 	 148 	 1 	 4 	 6.1014 	 1 
NODE: 154 	 0.101409 	 148 	 148 	 1 	 4 	 6.1014 	 1 
NODE: 26 	 0.101409 	 148 	 148 	 1 	 4 	 6.1014 	 1 
NODE: 72 	 0.101409 	 148 	 148 	 1 	 4 	 6.1014 	 1 
NODE: 50 	 0.101409 	 148 	 148 	 1 	 4 	 6.1014 	 1 
NODE: 210 	 0.101409 	 148 	 148 	 1 	 4 	 6.1014 	 1 
NODE: 287 	 0.101409 	 148 	 148 	 1 	 4 	 6.1014 	 1 
NODE: 13 	 0.101409 	 148 	 148 	 1 	 4 	 6.1014 	 1 
NODE: 127 	 0.101409 	 148 	 148 	 1 	 4 	 6.1014 	 1 
NODE: 229 	 0.101409 	 148 	 148 	 1 	 4 	 6.1014 	 1 
NODE: 132 	 0.101409 	 148 	 148 	 1 	 4 	 6.1014 	 1 
NODE: 48 	 0.101409 	 148 	 148 	 1 	 4 	 6.1014 	 1 
NODE: 269 	 0.101409 	 148 	 148 	 1 	 4 	 6.1014 	 1 
NODE: 226 	 0.101409 	 148 	 148 	 1 	 4 	 6.1014 	 1 
NODE: 54 	 0.101409 	 148 	 148 	 1 	 4 	 6.1014 	 1 
NODE: 5 	 0.101409 	 148 	 148 	 1 	 4 	 6.1014 	 1 
NODE: 170 	 0.101409 	 148 	 148 	 1 	 4 	 6.1014 	 1 
NODE: 140 	 0.101409 	 148 	 148 	 1 	 4 	 6.1014 	 1 
NODE: 171 	 0.101409 	 148 	 148 	 1 	 4 	 6.1014 	 1 
NODE: 279 	 0.101409 	 148 	 148 	 1 	 4 	 6.1014 	 1 
NODE: 201 	 0.101409 	 148 	 148 	 1 	 4 	 6.1014 	 1 
NODE: 94 	 0.101409 	 148 	 148 	 1 	 4 	 6.1014 	 1 
NODE: 239 	 0.101409 	 148 	 148 	 1 	 4 	 6.1014 	 1 
NODE: 59 	 0.101409 	 148 	 148 	 1 	 4 	 6.1014 	 1 
NODE: 174 	 0.101409 	 148 	 148 	 1 	 4 	 6.1014 	 1 
NODE: 236 	 0.101409 	 148 	 148 	 1 	 4 	 6.1014 	 1 
NODE: 178 	 0.101409 	 148 	 148 	 1 	 4 	 6.1014 	 1 
NODE: 134 	 0.101409 	 148 	 148 	 1 	 4 	 6.1014 	 1 
NODE: 169 	 0.101409 	 148 	 148 	 1 	 4 	 6.1014 	 1 
NODE: 97 	 0.101409 	 148 	 148 	 1 	 4 	 6.1014 	 1 
NODE: 115 	 0.101410 	 148 	 148 	 1 	 4 	 6.1014 	 1 
NODE: 187 	 0.101410 	 148 	 148 	 1 	 4 	 6.1014 	 1 
NODE: 17 	 0.101410 	 148 	 148 	 1 	 4 	 6.1014 	 1 
NODE: 253 	 0.101410 	 148 	 148 	 1 	 4 	 6.1014 	 1 
NODE: 195 	 0.101410 	 148 	 148 	 1 	 4 	 6.1014 	 1 
NODE: 286 	 0.101410 	 148 	 148 	 1 	 4 	 6.1014 	 1 
NODE: 295 	 0.101410 	 148 	 148 	 1 	 4 	 6.1014 	 1 
NODE: 68 	 0.101410 	 148 	 148 	 1 	 4 	 6.1014 	 1 
NODE: 244 	 0.101410 	 148 	 148 	 1 	 4 	 6.1014 	 1 
NODE: 270 	 0.101410 	 148 	 148 	 1 	 4 	 6.1014 	 1 
NODE: 78 	 0.101410 	 148 	 148 	 1 	 4 	 6.1014 	 1 
NODE: 37 	 0.101410 	 148 	 148 	 1 	 4 	 6.1014 	 1 
NODE: 258 	 0.101410 	 148 	 148 	 1 	 4 	 6.1014 	 1 
NODE: 35 	 0.101410 	 148 	 148 	 1 	 4 	 6.1014 	 1 
NODE: 130 	 0.101410 	 148 	 148 	 1 	 4 	 6.1014 	 1 
NODE: 256 	 0.101410 	 148 	 148 	 1 	 4 	 6.1014 	 1 
NODE: 230 	 0.101410 	 148 	 148 	 1 	 4 	 6.1014 	 1 
NODE: 60 	 0.101410 	 148 	 148 	 1 	 4 	 6.1014 	 1 
NODE: 262 	 0.101410 	 148 	 148 	 1 	 4 	 6.1014 	 1 
NODE: 36 	 0.101410 	 148 	 148 	 1 	 4 	 6.1014 	 1 
NODE: 277 	 0.101410 	 148 	 148 	 1 	 4 	 6.1014 	 1 
NODE: 110 	 0.101410 	 148 	 148 	 1 	 4 	 6.1014 	 1 
NODE: 61 	 0.101410 	 148 	 148 	 1 	 4 	 6.1014 	 1 
NODE: 227 	 0.101410 	 148 	 148 	 1 	 4 	 6.1014 	 1 
NODE: 33 	 0.101410 	 148 	 148 	 1 	 4 	 6.1014 	 1 
NODE: 42 	 0.101410 	 148 	 148 	 1 	 4 	 6.1014 	 1 
NODE: 283 	 0.101410 	 148 	 148 	 1 	 4 	 6.1014 	 1 
NODE: 117 	 0.101410 	 148 	 148 	 1 	 4 	 6.1014 	 1 
NODE: 179 	 0.101410 	 148 	 148 	 1 	 4 	 6.1014 	 1 
NODE: 231 	 0.101410 	 148 	 148 	 1 	 4 	 6.1014 	 1 
NODE: 288 	 0.101410 	 148 	 148 	 1 	 4 	 6.1014 	 1 
NODE: 206 	 0.101410 	 148 	 148 	 1 	 4 	 6.1014 	 1 
NODE: 3 	 0.101410 	 148 	 148 	 1 	 4 	 6.1014 	 1 
NODE: 158 	 0.101410 	 148 	 148 	 1 	 4 	 6.1014 	 1 
NODE: 150 	 0.101410 	 148 	 148 	 1 	 4 	 6.1014 	 1 
NODE: 49 	 0.101410 	 148 	 148 	 1 	 4 	 6.1014 	 1 
NODE: 25 	 0.101410 	 148 	 148 	 1 	 4 	 6.1014 	 1 
NODE: 184 	 0.101410 	 148 	 148 	 1 	 4 	 6.1014 	 1 
NODE: 44 	 0.101410 	 148 	 148 	 1 	 4 	 6.1014 	 1 
NODE: 160 	 0.101410 	 148 	 148 	 1 	 4 	 6.1014 	 1 
NODE: 144 	 0.101410 	 148 	 148 	 1 	 4 	 6.1014 	 1 
NODE: 186 	 0.101410 	 148 	 148 	 1 	 4 	 6.1014 	 1 
NODE: 290 	 0.101410 	 148 	 148 	 1 	 4 	 6.1014 	 1 
NODE: 142 	 0.101410 	 148 	 148 	 1 	 4 	 6.1014 	 1 
NODE: 264 	 0.101410 	 148 	 148 	 1 	 4 	 6.1014 	 1 
NODE: 113 	 0.101410 	 148 	 148 	 1 	 4 	 6.1014 	 1 
NODE: 67 	 0.101410 	 148 	 148 	 1 	 4 	 6.1014 	 1 
NODE: 263 	 0.101410 	 148 	 148 	 1 	 4 	 6.1014 	 1 
NODE: 66 	 0.101410 	 148 	 148 	 1 	 4 	 6.1014 	 1 
NODE: 218 	 0.101410 	 148 	 148 	 1 	 4 	 6.1014 	 1 
NODE: 217 	 0.101410 	 148 	 148 	 1 	 4 	 6.1014 	 1 
NODE: 137 	 0.101410 	 148 	 148 	 1 	 4 	 6.1014 	 1 
NODE: 96 	 0.103117 	 148 	 66 	 3 	 4 	 6.1031 	 1 
NODE: 119 	 0.103117 	 148 	 66 	 3 	 4 	 6.1031 	 1 
NODE: 292 	 0.103117 	 148 	 66 	 3 	 4 	 6.1031 	 1 
NODE: 145 	 0.103117 	 148 	 117 	 10 	 4 	 6.1031 	 1 
NODE: 65 	 0.103117 	 148 	 66 	 3 	 4 	 6.1031 	 1 
NODE: 214 	 0.103117 	 148 	 66 	 3 	 4 	 6.1031 	 1 
NODE: 24 	 0.103117 	 148 	 117 	 10 	 4 	 6.1031 	 1 
NODE: 285 	 0.103117 	 148 	 66 	 3 	 4 	 6.1031 	 1 
NODE: 43 	 0.103117 	 148 	 66 	 3 	 4 	 6.1031 	 1 
NODE: 159 	 0.103117 	 148 	 66 	 3 	 4 	 6.1031 	 1 
NODE: 71 	 0.103117 	 148 	 66 	 3 	 4 	 6.1031 	 1 
NODE: 90 	 0.103117 	 148 	 66 	 3 	 4 	 6.1031 	 1 
NODE: 252 	 0.103117 	 148 	 66 	 3 	 4 	 6.1031 	 1 
NODE: 138 	 0.103117 	 148 	 66 	 3 	 4 	 6.1031 	 1 
NODE: 199 	 0.103118 	 148 	 66 	 3 	 4 	 6.1031 	 1 
NODE: 202 	 0.103118 	 148 	 117 	 10 	 4 	 6.1031 	 1 
NODE: 112 	 0.103118 	 148 	 66 	 3 	 4 	 6.1031 	 1 
NODE: 261 	 0.103118 	 148 	 66 	 3 	 4 	 6.1031 	 1 
NODE: 111 	 0.103118 	 148 	 66 	 3 	 4 	 6.1031 	 1 
NODE: 173 	 0.103118 	 148 	 66 	 3 	 4 	 6.1031 	 1 
NODE: 58 	 0.103118 	 148 	 66 	 3 	 4 	 6.1031 	 1 
NODE: 197 	 0.103118 	 148 	 66 	 3 	 4 	 6.1031 	 1 
NODE: 69 	 0.103118 	 148 	 66 	 3 	 4 	 6.1031 	 1 
NODE: 163 	 0.103118 	 148 	 66 	 3 	 4 	 6.1031 	 1 
NODE: 212 	 0.103118 	 148 	 66 	 3 	 4 	 6.1031 	 1 
NODE: 296 	 0.103118 	 148 	 66 	 3 	 4 	 6.1031 	 1 
NODE: 190 	 0.103118 	 148 	 117 	 10 	 4 	 6.1031 	 1 
NODE: 56 	 0.103118 	 148 	 66 	 3 	 4 	 6.1031 	 1 
NODE: 146 	 0.103118 	 148 	 66 	 3 	 4 	 6.1031 	 1 
NODE: 151 	 0.103118 	 148 	 66 	 3 	 4 	 6.1031 	 1 
NODE: 114 	 0.103118 	 148 	 66 	 3 	 4 	 6.1031 	 1 
NODE: 191 	 0.103118 	 148 	 66 	 3 	 4 	 6.1031 	 1 
NODE: 223 	 0.103118 	 148 	 66 	 3 	 4 	 6.1031 	 1 
NODE: 99 	 0.103118 	 148 	 117 	 10 	 4 	 6.1031 	 1 
NODE: 238 	 0.103118 	 148 	 66 	 3 	 4 	 6.1031 	 1 
NODE: 29 	 0.103118 	 148 	 66 	 3 	 4 	 6.1031 	 1 
NODE: 52 	 0.103118 	 148 	 117 	 10 	 4 	 6.1031 	 1 
NODE: 167 	 0.103118 	 148 	 66 	 3 	 4 	 6.1031 	 1 
NODE: 51 	 0.103118 	 148 	 66 	 3 	 4 	 6.1031 	 1 
NODE: 221 	 0.103118 	 148 	 66 	 3 	 4 	 6.1031 	 1 
NODE: 242 	 0.103118 	 148 	 66 	 3 	 4 	 6.1031 	 1 
NODE: 147 	 0.103118 	 148 	 66 	 3 	 4 	 6.1031 	 1 
NODE: 104 	 0.103118 	 148 	 66 	 3 	 4 	 6.1031 	 1 
NODE: 126 	 0.103118 	 148 	 66 	 3 	 4 	 6.1031 	 1 
NODE: 9 	 0.103118 	 148 	 66 	 3 	 4 	 6.1031 	 1 
NODE: 12 	 0.103118 	 148 	 66 	 3 	 4 	 6.1031 	 1 
NODE: 291 	 0.103118 	 148 	 66 	 3 	 4 	 6.1031 	 1 
NODE: 297 	 0.103118 	 148 	 66 	 3 	 4 	 6.1031 	 1 
NODE: 10 	 0.103118 	 148 	 66 	 3 	 4 	 6.1031 	 1 
NODE: 39 	 0.103118 	 148 	 117 	 10 	 4 	 6.1031 	 1 
NODE: 243 	 0.103118 	 148 	 66 	 3 	 4 	 6.1031 	 1 
NODE: 141 	 0.103118 	 148 	 66 	 3 	 4 	 6.1031 	 1 
NODE: 237 	 0.103118 	 148 	 117 	 10 	 4 	 6.1031 	 1 
NODE: 188 	 0.103118 	 148 	 66 	 3 	 4 	 6.1031 	 1 
NODE: 103 	 0.103118 	 148 	 66 	 3 	 4 	 6.1031 	 1 
NODE: 40 	 0.103118 	 148 	 117 	 10 	 4 	 6.1031 	 1 
NODE: 249 	 0.103118 	 148 	 66 	 3 	 4 	 6.1031 	 1 
NODE: 8 	 0.103118 	 148 	 66 	 3 	 4 	 6.1031 	 1 
NODE: 139 	 0.103119 	 148 	 66 	 3 	 4 	 6.1031 	 1 
NODE: 106 	 0.103119 	 148 	 66 	 3 	 4 	 6.1031 	 1 
NODE: 122 	 0.103119 	 148 	 66 	 3 	 4 	 6.1031 	 1 
NODE: 82 	 0.103119 	 148 	 66 	 3 	 4 	 6.1031 	 1 
NODE: 107 	 0.103119 	 148 	 117 	 10 	 4 	 6.1031 	 1 
NODE: 232 	 0.103119 	 148 	 66 	 3 	 4 	 6.1031 	 1 
NODE: 271 	 0.103119 	 148 	 66 	 3 	 4 	 6.1031 	 1 
NODE: 276 	 0.104055 	 148 	 49 	 7 	 4 	 6.1041 	 1 
NODE: 28 	 0.104055 	 148 	 49 	 7 	 4 	 6.1041 	 1 
NODE: 80 	 0.104056 	 148 	 49 	 7 	 4 	 6.1041 	 1 
NODE: 55 	 0.104056 	 148 	 49 	 7 	 4 	 6.1041 	 1 
NODE: 235 	 0.104056 	 148 	 49 	 7 	 4 	 6.1041 	 1 
NODE: 273 	 0.104056 	 148 	 49 	 7 	 4 	 6.1041 	 1 
NODE: 32 	 0.104056 	 148 	 49 	 7 	 4 	 6.1041 	 1 
NODE: 152 	 0.104147 	 148 	 107 	 8 	 4 	 6.1041 	 1 
NODE: 88 	 0.104147 	 148 	 107 	 8 	 4 	 6.1041 	 1 
NODE: 85 	 0.104147 	 148 	 107 	 8 	 4 	 6.1041 	 1 
NODE: 265 	 0.104147 	 148 	 107 	 8 	 4 	 6.1041 	 1 
NODE: 298 	 0.104147 	 148 	 107 	 8 	 4 	 6.1041 	 1 
NODE: 38 	 0.104147 	 148 	 107 	 8 	 4 	 6.1041 	 1 
NODE: 266 	 0.104147 	 148 	 107 	 8 	 4 	 6.1041 	 1 
NODE: 246 	 0.104147 	 148 	 107 	 8 	 4 	 6.1041 	 1 
NODE: 1 	 0.104147 	 148 	 107 	 8 	 4 	 6.1041 	 1 
NODE: 267 	 0.104147 	 148 	 107 	 8 	 4 	 6.1041 	 1 
NODE: 129 	 0.104148 	 148 	 107 	 8 	 4 	 6.1041 	 1 
NODE: 116 	 0.104148 	 148 	 107 	 8 	 4 	 6.1041 	 1 
NODE: 95 	 0.104148 	 148 	 107 	 8 	 4 	 6.1041 	 1 
NODE: 109 	 0.104148 	 148 	 107 	 8 	 4 	 6.1041 	 1 
NODE: 149 	 0.104366 	 148 	 8 	 5 	 4 	 6.1044 	 1 
NODE: 166 	 0.104366 	 148 	 8 	 5 	 4 	 6.1044 	 1 
NODE: 278 	 0.104366 	 148 	 8 	 5 	 4 	 6.1044 	 1 
NODE: 248 	 0.104366 	 148 	 8 	 5 	 4 	 6.1044 	 1 
NODE: 98 	 0.104367 	 148 	 8 	 5 	 4 	 6.1044 	 1 
NODE: 161 	 0.104367 	 148 	 8 	 5 	 4 	 6.1044 	 1 
NODE: 64 	 0.104367 	 148 	 8 	 5 	 4 	 6.1044 	 1 
NODE: 92 	 0.104367 	 148 	 8 	 5 	 4 	 6.1044 	 1 
NODE: 255 	 0.104367 	 148 	 8 	 5 	 4 	 6.1044 	 1 
NODE: 213 	 0.104367 	 148 	 8 	 5 	 4 	 6.1044 	 1 
NODE: 224 	 0.104367 	 148 	 8 	 5 	 4 	 6.1044 	 1 
NODE: 183 	 0.104367 	 148 	 8 	 5 	 4 	 6.1044 	 1 
NODE: 251 	 0.104367 	 148 	 8 	 5 	 4 	 6.1044 	 1 
NODE: 280 	 0.104367 	 148 	 8 	 5 	 4 	 6.1044 	 1 
NODE: 47 	 0.104367 	 148 	 8 	 5 	 4 	 6.1044 	 1 
NODE: 83 	 0.104367 	 148 	 8 	 5 	 4 	 6.1044 	 1 
NODE: 84 	 0.104367 	 148 	 8 	 5 	 4 	 6.1044 	 1 
NODE: 75 	 0.104367 	 148 	 8 	 5 	 4 	 6.1044 	 1 
NODE: 168 	 0.104368 	 148 	 8 	 5 	 4 	 6.1044 	 1 
NODE: 219 	 0.104368 	 148 	 8 	 5 	 4 	 6.1044 	 1 
NODE: 275 	 0.104368 	 148 	 8 	 5 	 4 	 6.1044 	 1 
NODE: 182 	 0.104368 	 148 	 8 	 5 	 4 	 6.1044 	 1 
NODE: 157 	 0.104368 	 148 	 8 	 5 	 4 	 6.1044 	 1 
NODE: 105 	 0.104368 	 148 	 8 	 5 	 4 	 6.1044 	 1 
NODE: 7 	 0.104368 	 148 	 8 	 5 	 4 	 6.1044 	 1 
NODE: 30 	 0.104368 	 148 	 8 	 5 	 4 	 6.1044 	 1 
NODE: 153 	 0.104368 	 148 	 8 	 5 	 4 	 6.1044 	 1 
NODE: 118 	 0.104368 	 148 	 8 	 5 	 4 	 6.1044 	 1 
NODE: 293 	 0.104368 	 148 	 8 	 5 	 4 	 6.1044 	 1 
NODE: 20 	 0.104368 	 148 	 8 	 5 	 4 	 6.1044 	 1 
NODE: 73 	 0.104368 	 148 	 8 	 5 	 4 	 6.1044 	 1 
NODE: 63 	 0.104368 	 148 	 8 	 5 	 4 	 6.1044 	 1 
NODE: 76 	 0.104599 	 148 	 227 	 5 	 4 	 6.1046 	 1 
NODE: 172 	 0.104848 	 148 	 141 	 1 	 4 	 6.1048 	 1 
NODE: 222 	 0.104848 	 148 	 141 	 1 	 4 	 6.1048 	 1 
NODE: 81 	 0.104848 	 148 	 141 	 1 	 4 	 6.1048 	 1 
NODE: 165 	 0.104848 	 148 	 141 	 1 	 4 	 6.1048 	 1 
NODE: 284 	 0.104848 	 148 	 141 	 1 	 4 	 6.1048 	 1 
NODE: 228 	 0.104848 	 148 	 141 	 1 	 4 	 6.1048 	 1 
NODE: 2 	 0.104848 	 148 	 141 	 1 	 4 	 6.1048 	 1 
NODE: 215 	 0.104848 	 148 	 141 	 1 	 4 	 6.1048 	 1 
NODE: 181 	 0.104848 	 148 	 141 	 1 	 4 	 6.1048 	 1 
NODE: 136 	 0.104848 	 148 	 141 	 1 	 4 	 6.1048 	 1 
NODE: 198 	 0.104848 	 148 	 141 	 1 	 4 	 6.1048 	 1 
NODE: 233 	 0.104848 	 148 	 141 	 1 	 4 	 6.1048 	 1 
NODE: 260 	 0.104848 	 148 	 141 	 1 	 4 	 6.1048 	 1 
NODE: 211 	 0.104848 	 148 	 141 	 1 	 4 	 6.1048 	 1 
NODE: 259 	 0.104848 	 148 	 141 	 1 	 4 	 6.1048 	 1 
NODE: 11 	 0.104848 	 148 	 141 	 1 	 4 	 6.1048 	 1 
NODE: 143 	 0.104849 	 148 	 141 	 1 	 4 	 6.1048 	 1 
NODE: 257 	 0.104849 	 148 	 141 	 1 	 4 	 6.1048 	 1 
NODE: 123 	 0.104849 	 148 	 141 	 1 	 4 	 6.1048 	 1 
NODE: 14 	 0.104849 	 148 	 141 	 1 	 4 	 6.1048 	 1 
NODE: 16 	 0.104849 	 148 	 141 	 1 	 4 	 6.1048 	 1 
NODE: 101 	 0.105366 	 148 	 263 	 3 	 4 	 6.1054 	 1 
NODE: 93 	 0.105366 	 148 	 263 	 3 	 4 	 6.1054 	 1 
NODE: 41 	 0.105366 	 148 	 263 	 3 	 4 	 6.1054 	 1 
NODE: 234 	 0.105366 	 148 	 263 	 3 	 4 	 6.1054 	 1 
NODE: 91 	 0.105366 	 148 	 263 	 3 	 4 	 6.1054 	 1 
NODE: 196 	 0.105366 	 148 	 263 	 3 	 4 	 6.1054 	 1 
NODE: 53 	 0.105366 	 148 	 263 	 3 	 4 	 6.1054 	 1 
NODE: 19 	 0.105366 	 148 	 263 	 3 	 4 	 6.1054 	 1 
NODE: 121 	 0.105366 	 148 	 263 	 3 	 4 	 6.1054 	 1 
NODE: 193 	 0.106265 	 148 	 83 	 7 	 4 	 6.1063 	 1 
NODE: 27 	 0.106265 	 148 	 83 	 7 	 4 	 6.1063 	 1 
NODE: 209 	 0.106265 	 148 	 83 	 7 	 4 	 6.1063 	 1 
NODE: 225 	 0.106265 	 148 	 83 	 7 	 4 	 6.1063 	 1 
NODE: 128 	 0.106265 	 148 	 83 	 7 	 4 	 6.1063 	 1 
NODE: 203 	 0.106265 	 148 	 83 	 7 	 4 	 6.1063 	 1 
NODE: 216 	 0.106265 	 148 	 83 	 7 	 4 	 6.1063 	 1 
NODE: 220 	 0.106266 	 148 	 83 	 7 	 4 	 6.1063 	 1 
NODE: 240 	 0.106266 	 148 	 83 	 7 	 4 	 6.1063 	 1 
NODE: 241 	 0.106266 	 148 	 83 	 7 	 4 	 6.1063 	 1 
NODE: 176 	 0.106266 	 148 	 83 	 7 	 4 	 6.1063 	 1 
NODE: 185 	 0.106266 	 148 	 83 	 7 	 4 	 6.1063 	 1 
NODE: 164 	 0.106266 	 148 	 83 	 7 	 4 	 6.1063 	 1 
NODE: 268 	 0.106266 	 148 	 83 	 7 	 4 	 6.1063 	 1 
NODE: 207 	 0.106266 	 148 	 83 	 7 	 4 	 6.1063 	 1 
NODE: 125 	 0.106266 	 148 	 83 	 7 	 4 	 6.1063 	 1 
NODE: 250 	 0.106266 	 148 	 83 	 7 	 4 	 6.1063 	 1 
NODE: 254 	 0.106266 	 148 	 83 	 7 	 4 	 6.1063 	 1 
NODE: 294 	 0.106266 	 148 	 83 	 7 	 4 	 6.1063 	 1 
NODE: 180 	 0.106266 	 148 	 83 	 7 	 4 	 6.1063 	 1 
NODE: 131 	 0.106285 	 148 	 40 	 5 	 4 	 6.1063 	 1 
NODE: 162 	 0.107205 	 148 	 280 	 8 	 4 	 6.1072 	 1 
NODE: 155 	 0.107205 	 148 	 280 	 8 	 4 	 6.1072 	 1 
NODE: 62 	 0.107206 	 148 	 280 	 8 	 4 	 6.1072 	 1 
NODE: 57 	 0.107206 	 148 	 280 	 8 	 4 	 6.1072 	 1 
NODE: 204 	 0.107630 	 148 	 222 	 8 	 4 	 6.1076 	 1 
NODE: 34 	 0.107630 	 148 	 222 	 8 	 4 	 6.1076 	 1 
NODE: 281 	 0.107630 	 148 	 222 	 8 	 4 	 6.1076 	 1 
NODE: 18 	 0.107630 	 148 	 222 	 8 	 4 	 6.1076 	 1 
NODE: 272 	 0.107630 	 148 	 222 	 8 	 4 	 6.1076 	 1 
NODE: 289 	 0.109606 	 148 	 14 	 2 	 4 	 6.1096 	 1 
NODE: 21 	 0.111437 	 148 	 190 	 9 	 4 	 6.1114 	 1 
NODE: 87 	 0.124608 	 148 	 225 	 5 	 4 	 6.1246 	 1 
NODE: 156 	 0.125646 	 148 	 209 	 9 	 4 	 6.1256 	 1 
NODE: 79 	 0.126713 	 148 	 128 	 8 	 4 	 6.1267 	 1 
NODE: 177 	 0.126713 	 148 	 128 	 8 	 4 	 6.1267 	 1 
NODE: 148 	 0.168573 	 208 	 208 	 7 	 4 	 10.1686 	 1 
