NODE: 16 	 0.101408 	 22 	 22 	 1 	 4 	 6.1014 	 1 
NODE: 6 	 0.101408 	 22 	 22 	 1 	 4 	 6.1014 	 1 
NODE: 34 	 0.101408 	 22 	 22 	 1 	 4 	 6.1014 	 1 
NODE: 80 	 0.101408 	 22 	 22 	 1 	 4 	 6.1014 	 1 
NODE: 45 	 0.101409 	 22 	 22 	 1 	 4 	 6.1014 	 1 
NODE: 2 	 0.101409 	 22 	 22 	 1 	 4 	 6.1014 	 1 
NODE: 23 	 0.101409 	 22 	 22 	 1 	 4 	 6.1014 	 1 
NODE: 58 	 0.101409 	 22 	 22 	 1 	 4 	 6.1014 	 1 
NODE: 98 	 0.101409 	 22 	 22 	 1 	 4 	 6.1014 	 1 
NODE: 47 	 0.101409 	 22 	 22 	 1 	 4 	 6.1014 	 1 
NODE: 10 	 0.101409 	 22 	 22 	 1 	 4 	 6.1014 	 1 
NODE: 60 	 0.101409 	 22 	 22 	 1 	 4 	 6.1014 	 1 
NODE: 54 	 0.101409 	 22 	 22 	 1 	 4 	 6.1014 	 1 
NODE: 57 	 0.101409 	 22 	 22 	 1 	 4 	 6.1014 	 1 
NODE: 87 	 0.103496 	 22 	 6 	 7 	 4 	 6.1035 	 1 
NODE: 67 	 0.103496 	 22 	 6 	 7 	 4 	 6.1035 	 1 
NODE: 53 	 0.104495 	 22 	 54 	 1 	 4 	 6.1045 	 1 
NODE: 71 	 0.104495 	 22 	 54 	 1 	 4 	 6.1045 	 1 
NODE: 21 	 0.105144 	 22 	 58 	 3 	 4 	 6.1051 	 1 
NODE: 27 	 0.105144 	 22 	 58 	 3 	 4 	 6.1051 	 1 
NODE: 61 	 0.105144 	 22 	 58 	 3 	 4 	 6.1051 	 1 
NODE: 72 	 0.105145 	 22 	 58 	 3 	 4 	 6.1051 	 1 
NODE: 75 	 0.105145 	 22 	 58 	 3 	 4 	 6.1051 	 1 
NODE: 50 	 0.105145 	 22 	 58 	 3 	 4 	 6.1051 	 1 
NODE: 70 	 0.106508 	 22 	 60 	 8 	 4 	 6.1065 	 1 
NODE: 24 	 0.108622 	 22 	 75 	 8 	 4 	 6.1086 	 1 
NODE: 28 	 0.108872 	 22 	 87 	 4 	 4 	 6.1089 	 1 
NODE: 79 	 0.108872 	 22 	 87 	 4 	 4 	 6.1089 	 1 
NODE: 90 	 0.108872 	 22 	 87 	 4 	 4 	 6.1089 	 1 
NODE: 49 	 0.108872 	 22 	 87 	 4 	 4 	 6.1089 	 1 
NODE: 26 	 0.109077 	 22 	 70 	 3 	 4 	 6.1091 	 1 
NODE: 7 	 0.109077 	 22 	 70 	 3 	 4 	 6.1091 	 1 
NODE: 40 	 0.109077 	 22 	 70 	 3 	 4 	 6.1091 	 1 
NODE: 18 	 0.109078 	 22 	 70 	 3 	 4 	 6.1091 	 1 
NODE: 74 	 0.109078 	 22 	 70 	 3 	 4 	 6.1091 	 1 
NODE: 97 	 0.109078 	 22 	 70 	 3 	 4 	 6.1091 	 1 
NODE: 77 	 0.109078 	 22 	 70 	 3 	 4 	 6.1091 	 1 
NODE: 81 	 0.110189 	 22 	 72 	 9 	 4 	 6.1102 	 1 
NODE: 19 	 0.110189 	 22 	 72 	 9 	 4 	 6.1102 	 1 
NODE: 59 	 0.110189 	 22 	 72 	 9 	 4 	 6.1102 	 1 
NODE: 83 	 0.110189 	 22 	 72 	 9 	 4 	 6.1102 	 1 
NODE: 4 	 0.110189 	 22 	 72 	 9 	 4 	 6.1102 	 1 
NODE: 14 	 0.111128 	 22 	 49 	 6 	 4 	 6.1111 	 1 
NODE: 5 	 0.111128 	 22 	 49 	 6 	 4 	 6.1111 	 1 
NODE: 91 	 0.111128 	 22 	 49 	 6 	 4 	 6.1111 	 1 
NODE: 12 	 0.111128 	 22 	 49 	 6 	 4 	 6.1111 	 1 
NODE: 33 	 0.111128 	 22 	 49 	 6 	 4 	 6.1111 	 1 
NODE: 73 	 0.111129 	 22 	 49 	 6 	 4 	 6.1111 	 1 
NODE: 20 	 0.111129 	 22 	 49 	 6 	 4 	 6.1111 	 1 
NODE: 99 	 0.111934 	 22 	 77 	 4 	 4 	 6.1119 	 1 
NODE: 3 	 0.111934 	 22 	 77 	 4 	 4 	 6.1119 	 1 
NODE: 96 	 0.111935 	 22 	 77 	 4 	 4 	 6.1119 	 1 
NODE: 94 	 0.111935 	 22 	 77 	 4 	 4 	 6.1119 	 1 
NODE: 37 	 0.111935 	 22 	 77 	 4 	 4 	 6.1119 	 1 
NODE: 8 	 0.112299 	 22 	 20 	 6 	 4 	 6.1123 	 1 
NODE: 63 	 0.112299 	 22 	 20 	 6 	 4 	 6.1123 	 1 
NODE: 64 	 0.112299 	 22 	 20 	 6 	 4 	 6.1123 	 1 
NODE: 39 	 0.112299 	 22 	 20 	 6 	 4 	 6.1123 	 1 
NODE: 56 	 0.112300 	 22 	 20 	 6 	 4 	 6.1123 	 1 
NODE: 89 	 0.112300 	 22 	 20 	 6 	 4 	 6.1123 	 1 
NODE: 15 	 0.112300 	 22 	 20 	 6 	 4 	 6.1123 	 1 
NODE: 43 	 0.112300 	 22 	 20 	 6 	 4 	 6.1123 	 1 
NODE: 48 	 0.112300 	 22 	 20 	 6 	 4 	 6.1123 	 1 
NODE: 1 	 0.112300 	 22 	 20 	 6 	 4 	 6.1123 	 1 
NODE: 35 	 0.112300 	 22 	 20 	 6 	 4 	 6.1123 	 1 
NODE: 22 	 0.112852 	 16 	 16 	 8 	 4 	 10.1129 	 1 
NODE: 11 	 0.113013 	 22 	 74 	 10 	 4 	 6.1130 	 1 
NODE: 86 	 0.113013 	 22 	 74 	 10 	 4 	 6.1130 	 1 
NODE: 69 	 0.113013 	 22 	 74 	 10 	 4 	 6.1130 	 1 
NODE: 25 	 0.114142 	 22 	 86 	 5 	 4 	 6.1141 	 1 
NODE: 62 	 0.114142 	 22 	 86 	 5 	 4 	 6.1141 	 1 
NODE: 0 	 0.114142 	 22 	 86 	 5 	 4 	 6.1141 	 1 
NODE: 44 	 0.114142 	 22 	 86 	 5 	 4 	 6.1141 	 1 
NODE: 17 	 0.114142 	 22 	 86 	 5 	 4 	 6.1141 	 1 
NODE: 51 	 0.114142 	 22 	 86 	 5 	 4 	 6.1141 	 1 
NODE: 92 	 0.114142 	 22 	 86 	 5 	 4 	 6.1141 	 1 
NODE: 65 	 0.114142 	 22 	 86 	 5 	 4 	 6.1141 	 1 
NODE: 78 	 0.114143 	 22 	 86 	 5 	 4 	 6.1141 	 1 
NODE: 88 	 0.114143 	 22 	 86 	 5 	 4 	 6.1141 	 1 
NODE: 93 	 0.114143 	 22 	 86 	 5 	 4 	 6.1141 	 1 
NODE: 85 	 0.115062 	 22 	 96 	 7 	 4 	 6.1151 	 1 
NODE: 76 	 0.116294 	 22 	 73 	 5 	 4 	 6.1163 	 1 
NODE: 13 	 0.116294 	 22 	 73 	 5 	 4 	 6.1163 	 1 
NODE: 55 	 0.116294 	 22 	 73 	 5 	 4 	 6.1163 	 1 
NODE: 52 	 0.116294 	 22 	 73 	 5 	 4 	 6.1163 	 1 
NODE: 31 	 0.116294 	 22 	 73 	 5 	 4 	 6.1163 	 1 
NODE: 42 	 0.116558 	 22 	 24 	 1 	 4 	 6.1166 	 1 
NODE: 36 	 0.118531 	 22 	 4 	 4 	 4 	 6.1185 	 1 
NODE: 68 	 0.119830 	 22 	 59 	 3 	 4 	 6.1198 	 1 
NODE: 29 	 0.122341 	 22 	 42 	 2 	 4 	 6.1223 	 1 
NODE: 84 	 0.122341 	 22 	 42 	 2 	 4 	 6.1223 	 1 
NODE: 66 	 0.122341 	 22 	 42 	 2 	 4 	 6.1223 	 1 
NODE: 9 	 0.122341 	 22 	 42 	 2 	 4 	 6.1223 	 1 
NODE: 32 	 0.126916 	 22 	 68 	 3 	 4 	 6.1269 	 1 
