NODE: 16 	 0.101408 	 22 	 22 	 1 	 4 	 6.1014 	 1 
NODE: 6 	 0.101408 	 22 	 22 	 1 	 4 	 6.1014 	 1 
NODE: 34 	 0.101408 	 22 	 22 	 1 	 4 	 6.1014 	 1 
NODE: 80 	 0.101408 	 22 	 22 	 1 	 4 	 6.1014 	 1 
NODE: 45 	 0.101409 	 22 	 22 	 1 	 4 	 6.1014 	 1 
NODE: 2 	 0.101409 	 22 	 22 	 1 	 4 	 6.1014 	 1 
NODE: 23 	 0.101409 	 22 	 22 	 1 	 4 	 6.1014 	 1 
NODE: 58 	 0.101409 	 22 	 22 	 1 	 4 	 6.1014 	 1 
NODE: 98 	 0.101409 	 22 	 22 	 1 	 4 	 6.1014 	 1 
NODE: 47 	 0.101409 	 22 	 22 	 1 	 4 	 6.1014 	 1 
NODE: 10 	 0.101409 	 22 	 22 	 1 	 4 	 6.1014 	 1 
NODE: 60 	 0.101409 	 22 	 22 	 1 	 4 	 6.1014 	 1 
NODE: 54 	 0.101409 	 22 	 22 	 1 	 4 	 6.1014 	 1 
NODE: 57 	 0.101409 	 22 	 22 	 1 	 4 	 6.1014 	 1 
NODE: 87 	 0.101410 	 22 	 22 	 1 	 4 	 6.1014 	 1 
NODE: 67 	 0.103416 	 22 	 6 	 7 	 4 	 6.1034 	 1 
NODE: 21 	 0.103416 	 22 	 6 	 7 	 4 	 6.1034 	 1 
NODE: 71 	 0.104334 	 22 	 60 	 8 	 4 	 6.1043 	 1 
NODE: 53 	 0.104335 	 22 	 60 	 8 	 4 	 6.1043 	 1 
NODE: 70 	 0.104335 	 22 	 60 	 8 	 4 	 6.1043 	 1 
NODE: 27 	 0.104335 	 22 	 60 	 8 	 4 	 6.1043 	 1 
NODE: 72 	 0.107164 	 22 	 87 	 4 	 4 	 6.1072 	 1 
NODE: 28 	 0.107164 	 22 	 87 	 4 	 4 	 6.1072 	 1 
NODE: 79 	 0.107164 	 22 	 87 	 4 	 4 	 6.1072 	 1 
NODE: 90 	 0.107164 	 22 	 87 	 4 	 4 	 6.1072 	 1 
NODE: 49 	 0.107165 	 22 	 87 	 4 	 4 	 6.1072 	 1 
NODE: 50 	 0.107165 	 22 	 87 	 4 	 4 	 6.1072 	 1 
NODE: 83 	 0.107165 	 22 	 87 	 4 	 4 	 6.1072 	 1 
NODE: 5 	 0.107165 	 22 	 87 	 4 	 4 	 6.1072 	 1 
NODE: 75 	 0.107165 	 22 	 87 	 4 	 4 	 6.1072 	 1 
NODE: 7 	 0.107796 	 22 	 53 	 3 	 4 	 6.1078 	 1 
NODE: 77 	 0.107796 	 22 	 53 	 3 	 4 	 6.1078 	 1 
NODE: 26 	 0.107797 	 22 	 53 	 3 	 4 	 6.1078 	 1 
NODE: 61 	 0.108102 	 22 	 2 	 6 	 4 	 6.1081 	 1 
NODE: 14 	 0.108701 	 22 	 90 	 3 	 4 	 6.1087 	 1 
NODE: 12 	 0.108702 	 22 	 90 	 3 	 4 	 6.1087 	 1 
NODE: 91 	 0.108702 	 22 	 90 	 3 	 4 	 6.1087 	 1 
NODE: 44 	 0.108702 	 22 	 90 	 3 	 4 	 6.1087 	 1 
NODE: 35 	 0.108702 	 22 	 90 	 3 	 4 	 6.1087 	 1 
NODE: 33 	 0.108702 	 22 	 90 	 3 	 4 	 6.1087 	 1 
NODE: 25 	 0.108702 	 22 	 90 	 3 	 4 	 6.1087 	 1 
NODE: 19 	 0.108702 	 22 	 90 	 3 	 4 	 6.1087 	 1 
NODE: 0 	 0.108702 	 22 	 90 	 3 	 4 	 6.1087 	 1 
NODE: 40 	 0.109259 	 22 	 71 	 7 	 4 	 6.1093 	 1 
NODE: 74 	 0.109259 	 22 	 71 	 7 	 4 	 6.1093 	 1 
NODE: 73 	 0.109621 	 22 	 83 	 4 	 4 	 6.1096 	 1 
NODE: 4 	 0.109621 	 22 	 83 	 4 	 4 	 6.1096 	 1 
NODE: 81 	 0.109621 	 22 	 83 	 4 	 4 	 6.1096 	 1 
NODE: 59 	 0.109621 	 22 	 83 	 4 	 4 	 6.1096 	 1 
NODE: 56 	 0.109621 	 22 	 83 	 4 	 4 	 6.1096 	 1 
NODE: 89 	 0.109621 	 22 	 83 	 4 	 4 	 6.1096 	 1 
NODE: 48 	 0.109621 	 22 	 83 	 4 	 4 	 6.1096 	 1 
NODE: 22 	 0.109664 	 16 	 16 	 3 	 4 	 10.1097 	 1 
NODE: 43 	 0.110412 	 22 	 35 	 2 	 4 	 6.1104 	 1 
NODE: 64 	 0.110412 	 22 	 35 	 2 	 4 	 6.1104 	 1 
NODE: 93 	 0.110413 	 22 	 35 	 2 	 4 	 6.1104 	 1 
NODE: 86 	 0.110413 	 22 	 35 	 2 	 4 	 6.1104 	 1 
NODE: 62 	 0.110413 	 22 	 35 	 2 	 4 	 6.1104 	 1 
NODE: 51 	 0.110413 	 22 	 35 	 2 	 4 	 6.1104 	 1 
NODE: 92 	 0.110413 	 22 	 35 	 2 	 4 	 6.1104 	 1 
NODE: 88 	 0.110413 	 22 	 35 	 2 	 4 	 6.1104 	 1 
NODE: 18 	 0.110413 	 22 	 35 	 2 	 4 	 6.1104 	 1 
NODE: 39 	 0.110413 	 22 	 35 	 2 	 4 	 6.1104 	 1 
NODE: 65 	 0.110413 	 22 	 35 	 2 	 4 	 6.1104 	 1 
NODE: 11 	 0.110413 	 22 	 35 	 2 	 4 	 6.1104 	 1 
NODE: 24 	 0.111023 	 22 	 75 	 6 	 4 	 6.1110 	 1 
NODE: 78 	 0.111555 	 22 	 51 	 9 	 4 	 6.1116 	 1 
NODE: 17 	 0.111555 	 22 	 51 	 9 	 4 	 6.1116 	 1 
NODE: 76 	 0.112090 	 22 	 48 	 7 	 4 	 6.1121 	 1 
NODE: 13 	 0.112090 	 22 	 48 	 7 	 4 	 6.1121 	 1 
NODE: 52 	 0.112090 	 22 	 48 	 7 	 4 	 6.1121 	 1 
NODE: 31 	 0.112090 	 22 	 48 	 7 	 4 	 6.1121 	 1 
NODE: 55 	 0.112090 	 22 	 48 	 7 	 4 	 6.1121 	 1 
NODE: 9 	 0.112091 	 22 	 48 	 7 	 4 	 6.1121 	 1 
NODE: 36 	 0.112091 	 22 	 48 	 7 	 4 	 6.1121 	 1 
NODE: 63 	 0.112091 	 22 	 48 	 7 	 4 	 6.1121 	 1 
NODE: 68 	 0.112091 	 22 	 48 	 7 	 4 	 6.1121 	 1 
NODE: 94 	 0.112455 	 22 	 11 	 3 	 4 	 6.1125 	 1 
NODE: 37 	 0.112455 	 22 	 11 	 3 	 4 	 6.1125 	 1 
NODE: 69 	 0.112455 	 22 	 11 	 3 	 4 	 6.1125 	 1 
NODE: 8 	 0.114014 	 22 	 63 	 3 	 4 	 6.1140 	 1 
NODE: 20 	 0.114015 	 22 	 63 	 3 	 4 	 6.1140 	 1 
NODE: 15 	 0.114015 	 22 	 63 	 3 	 4 	 6.1140 	 1 
NODE: 1 	 0.114015 	 22 	 63 	 3 	 4 	 6.1140 	 1 
NODE: 41 	 0.114015 	 22 	 63 	 3 	 4 	 6.1140 	 1 
NODE: 30 	 0.114015 	 22 	 63 	 3 	 4 	 6.1140 	 1 
NODE: 82 	 0.114015 	 22 	 63 	 3 	 4 	 6.1140 	 1 
NODE: 99 	 0.114097 	 22 	 26 	 3 	 4 	 6.1141 	 1 
NODE: 3 	 0.114097 	 22 	 26 	 3 	 4 	 6.1141 	 1 
NODE: 42 	 0.114231 	 22 	 4 	 9 	 4 	 6.1142 	 1 
NODE: 32 	 0.115035 	 22 	 52 	 6 	 4 	 6.1150 	 1 
NODE: 85 	 0.115377 	 22 	 77 	 3 	 4 	 6.1154 	 1 
NODE: 29 	 0.116338 	 22 	 55 	 1 	 4 	 6.1163 	 1 
NODE: 84 	 0.116339 	 22 	 55 	 1 	 4 	 6.1163 	 1 
NODE: 66 	 0.116339 	 22 	 55 	 1 	 4 	 6.1163 	 1 
NODE: 96 	 0.116350 	 22 	 0 	 2 	 4 	 6.1163 	 1 
NODE: 97 	 0.118811 	 22 	 86 	 5 	 4 	 6.1188 	 1 
